644857
218249
493747
655103
169327
254083
482371
990917
427417
890429
399989
138371
190093
150379
839899
338563
330427
836153
751727
640193
759911
528167
333349
425701
106103
320303
726787
881411
308137
465739
328333
860941
146197
873421
359041
995399
420037
329123
912797
378551
704393
990523
115631
665069
941791
780679
336041
335857
433681
320377
243203
179119
272737
406907
886793
771877
320143
366287
160637
676337
427723
217781
522233
923453
941683
839957
929141
173671
802357
615413
533459
597073
819449
972623
772229
314747
761611
866309
688861
856417
185303
265613
359063
708473
919013
343831
420743
373007
953237
558793
354041
349411
324661
938879
205483
123493
905767
288007
234499
222947
